5 0.284375 0.21796875 0.56875 0.3953125
5 0.8 0.284375 0.4 0.56875
5 0.12421875 0.64140625 0.2484375 0.1453125
5 0.35703125 0.65859375 0.2578125 0.1796875
5 0.53359375 0.68125 0.1328125 0.196875
5 0.14100614653864774 0.79209041229869 0.2619643322306894 0.19889365071470663
5 0.38427981479844603 0.823222240757398 0.25680050049048775 0.19510986555203932
5 0.55 0.85546875 0.1 0.1984375
5 0.16796875 0.93359375 0.2640625 0.1328125
5 0.4109375 0.94921875 0.2625 0.1015625
5 0.74765625 0.86640625 0.2953125 0.2671875
5 0.9671875 0.65859375 0.065625 0.1421875