5 0.2625 0.3578125 0.29375 0.259375
5 0.6140625 0.65390625 0.328125 0.0515625
5 0.88671875 0.63828125 0.2265625 0.0828125
5 0.8703125 0.46171875 0.259375 0.1359375
5 0.5855196063094372 0.4880280612194346 0.3342314513226853 0.14365822499093445
5 0.57421875 0.378125 0.3296875 0.125
5 0.86484375 0.35078125 0.2703125 0.1328125
5 0.85703125 0.25390625 0.2859375 0.1390625
5 0.565625 0.2828125 0.3125 0.13125
5 0.56015625 0.17578125 0.3015625 0.1296875
5 0.85234375 0.1453125 0.2953125 0.13125
5 0.5546875 0.07578125 0.290625 0.1359375
5 0.2046875 0.83984375 0.409375 0.3203125
5 0.7046875 0.83984375 0.590625 0.3203125