5 0.46796875 0.05 0.0765625 0.1
5 0.64921875 0.4296875 0.1390625 0.078125
5 0.749832915764871 0.2372234485996394 0.14802333714629246 0.12268461668522654
5 0.7923826568215653 0.12332403325909432 0.16879444509136973 0.13619313335454447
5 0.84453125 0.0421875 0.1515625 0.084375
5 0.95625 0.29140625 0.0875 0.1578125
5 0.8156692375201231 0.38114562392586704 0.14380434484181243 0.11092950401813546
5 0.6174469014138205 0.20982624928391136 0.16104497816122548 0.16185620468649908
5 0.47109375 0.40234375 0.0828125 0.1328125
5 0.5078125 0.18359375 0.15625 0.1265625
5 0.215625 0.734375 0.428125 0.53125
5 0.96484375 0.63125 0.0703125 0.065625