5 0.028125 0.45703125 0.05625 0.0796875
5 0.7768803213807882 0.1154931982116623 0.2272986799251985 0.08704073383034086
5 0.6932517146334405 0.37981132575585363 0.21972129867728912 0.09748691089956232
5 0.49609375 0.02578125 0.1765625 0.0515625
5 0.7276934686350215 0.46750607756487594 0.2289787393012439 0.09255042740790564
5 0.6583140061224783 0.5300603092475102 0.14073915493356068 0.12587750452255583
5 0.8177432159394271 0.5620550169585693 0.2397444701082499 0.1109286131835546
5 0.5892455561057541 0.6146942588179689 0.24118941073220448 0.10558269391624933
5 0.39921875 0.59296875 0.1203125 0.1046875
5 0.40546875 0.36015625 0.1328125 0.0796875
5 0.679034022703499 0.19783098541222058 0.20660097590689333 0.08363245081365411
5 0.7806849606318595 0.2985037720469519 0.23195365403502918 0.10122606456303558
5 0.8753520494921997 0.1923599926483098 0.2113301415392101 0.12183181365852436
5 0.8640185035105048 0.18940208898483668 0.21548235225469056 0.12824558796878377
5 0.4078125 0.440625 0.1375 0.115625
5 0.5464217847082418 0.448550280414695 0.1883537393012439 0.09042136137453234
5 0.5007474668379586 0.5154987630018404 0.1708877526955943 0.09725121551297526
5 0.74921875 0.0171875 0.1828125 0.034375
5 0.16953125 0.83984375 0.3390625 0.3203125
5 0.66953125 0.83984375 0.6609375 0.3203125