5 0.16595751896510924 0.3879759844011638 0.05617012272903601 0.051761498960010324
5 0.6374023421434889 0.2518619155580848 0.0912146734876405 0.08216842741255395
5 0.809375 0.071875 0.1 0.096875
5 0.8375 0.334375 0.15625 0.10625
5 0.81953125 0.42421875 0.1203125 0.1015625
5 0.8333682885099465 0.4850463487939754 0.13085100045904197 0.13083583714629227
5 0.8890625 0.559375 0.221875 0.1
5 0.84921875 0.15078125 0.1796875 0.0921875
5 0.80078125 0.25625 0.0828125 0.109375
5 0.9296875 0.39765625 0.140625 0.0984375
5 0.9546875 0.46328125 0.090625 0.1046875
5 0.3796875 0.8046875 0.759375 0.390625
5 0.8796875 0.7765625 0.240625 0.334375