5 0.14255175200258474 0.3066259811040785 0.12626091378737564 0.07348821175646521
5 0.97421875 0.0203125 0.0515625 0.040625
5 0.18984375 0.7546875 0.3796875 0.490625
5 0.40703125 0.5703125 0.0546875 0.121875
5 0.56796875 0.96640625 0.1359375 0.0671875
5 0.6747400956164649 0.8061107871343058 0.14447879009782233 0.1403083172444676
5 0.7206057032668891 0.7002957689778704 0.16486114126984167 0.15633450542224875
5 0.7765472177648587 0.6067358211467698 0.14644180829641976 0.14677791229869008
5 0.9065198241786652 0.8952029150507889 0.13423170496493206 0.1737078068106877
5 0.98125 0.93515625 0.0375 0.1296875
5 0.9703125 0.7015625 0.059375 0.125
5 0.7359375 0.946875 0.140625 0.10625
5 0.93203125 0.56640625 0.1359375 0.1140625
5 0.98046875 0.61328125 0.0390625 0.1515625
5 0.5432001989479525 0.7589781476338394 0.15635702883905545 0.18068838756980252
5 0.4046875 0.91640625 0.05 0.1578125
5 0.4453125 0.715625 0.13125 0.146875
5 0.92890625 0.55703125 0.1421875 0.0953125