5 0.28984375 0.234375 0.5796875 0.46875
5 0.78984375 0.234375 0.4203125 0.46875
5 0.47421875 0.97890625 0.2109375 0.0421875
5 0.47109375 0.91015625 0.2171875 0.1109375
5 0.2055631809316841 0.9348274241998684 0.3281314621583277 0.11961933916607279
5 0.20117743382716827 0.8238444215690326 0.32333480024766903 0.11700257338105721
5 0.1966654081866051 0.7269694215690324 0.32675089867609247 0.12343458390440087
5 0.19160757299274805 0.6183756715690325 0.3148138248547749 0.11806454444186203
5 0.465625 0.6 0.228125 0.121875
5 0.4640625 0.51171875 0.23125 0.0859375
5 0.78984375 0.734375 0.4203125 0.53125