5 0.25 0.25 0.5 0.5
5 0.55703125 0.4 0.1140625 0.15
5 0.61875 0.0359375 0.15625 0.071875
5 0.8517429362363853 0.16104710704589847 0.13309102570316256 0.14140460134826913
5 0.94609375 0.35546875 0.1078125 0.1421875
5 0.96484375 0.44140625 0.0703125 0.1171875
5 0.6716508710270768 0.10309409678274753 0.1327872781746205 0.15300426841321874
5 0.91015625 0.04453125 0.1296875 0.0890625
5 0.97578125 0.20390625 0.0484375 0.1296875
5 0.79609375 0.0625 0.1703125 0.125
5 0.7484375 0.02109375 0.1375 0.0421875
5 0.55625 0.15859375 0.1125 0.1390625
5 0.8324677183281575 0.40544485226650356 0.15261961710992514 0.18242475885442885
5 0.6144538418638732 0.2492348204960754 0.19984744418223171 0.16012040082755502
5 0.72109375 0.4375 0.1546875 0.125
5 0.26484375 0.98046875 0.1015625 0.0390625