5 0.23984375 0.209375 0.4796875 0.41875
5 0.52578125 0.26875 0.0921875 0.11875
5 0.503125 0.11640625 0.046875 0.1390625
5 0.55234375 0.0421875 0.1453125 0.084375
5 0.74375 0.028125 0.203125 0.05625
5 0.92578125 0.12421875 0.1484375 0.1015625
5 0.790676714225767 0.2222351352317804 0.20414727100658075 0.09965923256775663
5 0.96953125 0.253125 0.0609375 0.078125
5 0.96484375 0.31875 0.0703125 0.10625
5 0.94609375 0.18515625 0.1078125 0.1078125
5 0.7504250665553036 0.14754911850389812 0.16936679638091653 0.13132416875028596
5 0.592758432195901 0.17316637138408328 0.18258501331106078 0.10792457745129447
5 0.6207153440096188 0.09917672224186473 0.16456434151404728 0.11287908701008434
5 0.30210757508301744 0.510127922479552 0.20386907404302762 0.18275584495910394
5 0.021875 0.8734375 0.04375 0.253125
5 0.73984375 0.709375 0.5203125 0.58125