5 0.259375 0.19453125 0.51875 0.3890625
5 0.759375 0.19453125 0.48125 0.3890625
5 0.259375 0.69453125 0.51875 0.6109375
5 0.9328125 0.86875 0.134375 0.153125
5 0.9265625 0.68046875 0.146875 0.1546875
5 0.91875 0.4640625 0.1625 0.13125
5 0.7292918322224277 0.8673853338887861 0.22275407500983527 0.17261731721616513
5 0.7137275443393578 0.6784867248542789 0.22427301634364483 0.12763259914715022
5 0.70546875 0.47734375 0.1578125 0.1765625
5 0.57109375 0.88046875 0.1046875 0.1703125
5 0.5515625 0.69296875 0.065625 0.1234375
5 0.54765625 0.4890625 0.0578125 0.190625