5 0.3296875 0.31953125 0.659375 0.6390625
5 0.85859375 0.01484375 0.2171875 0.0296875
5 0.9015625 0.2578125 0.196875 0.090625
5 0.8612536810497323 0.3428807954530476 0.2179891335443794 0.08501374837514693
5 0.9217569235278849 0.4095285531636854 0.12457175415663517 0.12164494926865146
5 0.765625 0.4296875 0.2125 0.103125
5 0.93203125 0.496875 0.1359375 0.096875
5 0.9234375 0.07890625 0.153125 0.0765625
5 0.8312980934278599 0.17213191882984216 0.21980168613080417 0.09363477191409722
5 0.75390625 0.059375 0.1890625 0.115625
5 0.7625 0.059375 0.2 0.11875
5 0.71328125 0.61796875 0.1078125 0.0421875
5 0.72265625 0.57578125 0.1265625 0.0515625
5 0.97734375 0.3359375 0.0453125 0.084375