5 0.175 0.31484375 0.35 0.6296875
5 0.403125 0.028125 0.10625 0.05625
5 0.5630616124301975 0.13671875 0.17397807110579536 0.10390625
5 0.7148689145581225 0.5796875 0.15740289529245804 0.08046875
5 0.9070986672692468 0.5015625 0.1695861700213456 0.07265625
5 0.5793157271608018 0.5046875 0.2074282299129006 0.06953125
5 0.3875 0.32734375 0.075 0.0734375
5 0.8111949694381464 0.4390625 0.16237332689778688 0.0546875
5 0.8903081896977275 0.2875 0.135916416160018 0.10546875
5 0.7725547839714896 0.38046875 0.0988936081991266 0.0921875
5 0.8436486190026496 0.09140625 0.15796455023823555 0.07890625
5 0.9061570780479904 0.046875 0.1562922527111244 0.078125
5 0.7625927518896894 0.5125 0.16654563292801433 0.084375
5 0.534375 0.5796875 0.175 0.1
5 0.41015625 0.5828125 0.1203125 0.08125
5 0.41796875 0.61796875 0.1359375 0.0234375
5 0.37890625 0.10625 0.0578125 0.103125
5 0.675 0.81484375 0.65 0.3703125