5 0.19453125 0.21953125 0.3890625 0.4390625
5 0.8734375 0.06171875 0.165625 0.1234375
5 0.94375 0.2703125 0.1125 0.1375
5 0.5463259620687897 0.28273241886718026 0.15015893720409945 0.13145367738926445
5 0.5057740404210118 0.17347674065272306 0.17116427225229103 0.14621491701630243
5 0.459375 0.075 0.140625 0.1375
5 0.47734375 0.4046875 0.1453125 0.06875
5 0.679221764820736 0.24399903774364926 0.16386948146348637 0.17122657241024267
5 0.8828125 0.39140625 0.209375 0.0953125
5 0.7916316458023069 0.20836734583223757 0.16387374163003815 0.13636632033565022
5 0.83203125 0.01484375 0.1703125 0.0296875
5 0.95703125 0.0375 0.0859375 0.075
5 0.19453125 0.56875 0.3890625 0.259375
5 0.69453125 0.71953125 0.6109375 0.5609375