5 0.16015625 0.259375 0.2796875 0.51875
5 0.9734375 0.32109375 0.053125 0.0984375
5 0.9453125 0.059375 0.109375 0.109375
5 0.76953125 0.4578125 0.1671875 0.121875
5 0.51953125 0.04375 0.1515625 0.0875
5 0.36328125 0.1375 0.1265625 0.090625
5 0.6724792306243405 0.0984869179320004 0.20333203621473678 0.09146910395249783
5 0.93359375 0.24375 0.1328125 0.09375
5 0.45517990244499096 0.18882452021050594 0.1591516015172088 0.07185625526717221
5 0.4097393409355409 0.3468036257143986 0.12970308864033112 0.11890893720409945
5 0.5068378683562861 0.2422156170992416 0.09346269970043757 0.10172569737065125
5 0.49921875 0.50234375 0.1546875 0.0328125
5 0.48746650183616785 0.11113818683630675 0.16157497091226486 0.10154375526717221
5 0.6984375 0.03828125 0.16875 0.0765625
5 0.85625 0.02421875 0.18125 0.0484375
5 0.96640625 0.459375 0.0671875 0.11875
5 0.15 0.759375 0.3 0.48125
5 0.65 0.759375 0.7 0.48125