5 0.3296875 0.13984375 0.659375 0.2796875
5 0.8296875 0.13984375 0.340625 0.2796875
5 0.3296875 0.63984375 0.659375 0.7203125
5 0.8703125 0.903125 0.259375 0.128125
5 0.70625 0.928125 0.09375 0.13125
5 0.878125 0.79921875 0.24375 0.1265625
5 0.7109375 0.821875 0.103125 0.11875
5 0.73046875 0.62109375 0.1421875 0.1234375
5 0.89375 0.58984375 0.2125 0.1328125
5 0.9015625 0.48046875 0.196875 0.1140625
5 0.73828125 0.51015625 0.1578125 0.1203125
5 0.746875 0.41328125 0.175 0.1265625
5 0.91171875 0.38515625 0.1765625 0.1203125
5 0.91875 0.309375 0.1625 0.059375
5 0.753125 0.32265625 0.1875 0.0859375