5 0.2046875 0.275 0.409375 0.55
5 0.2046875 0.65859375 0.409375 0.2171875
5 0.5046875 0.9390625 0.15 0.121875
5 0.5704535878781792 0.826333843086805 0.17037338161382537 0.13801175911805572
5 0.6437103494561507 0.7225353894395828 0.1516656174596136 0.13056228181947924
5 0.7265625 0.95625 0.140625 0.0875
5 0.8515625 0.97734375 0.153125 0.0453125
5 0.8755046974358474 0.7787080817845479 0.15779598694557428 0.10732480357097236
5 0.59921875 0.59921875 0.1765625 0.0984375
5 0.8288946812552883 0.6363946016361799 0.1725951420920108 0.1294907443004168
5 0.915625 0.68203125 0.16875 0.1296875
5 0.784375 0.5609375 0.184375 0.021875
5 0.434375 0.9140625 0.05 0.1625
5 0.9169345375135984 0.9258181647064575 0.16215267720259377 0.11911628875333342
5 0.8258940297848778 0.6426991530229508 0.1792229056963297 0.08132600123427096
5 0.96328125 0.57265625 0.0734375 0.0453125