5 0.3899337223163085 0.14006909011808738 0.3396181239107431 0.1600686931054743
5 0.39954884714984135 0.2455766630540661 0.33246671216562157 0.1467025281974495
5 0.11875 0.19609375 0.2375 0.1484375
5 0.13046875 0.29921875 0.2609375 0.1421875
5 0.1375 0.36640625 0.275 0.0671875
5 0.78984375 0.2 0.4203125 0.4
5 0.33515625 0.4859375 0.3921875 0.171875
5 0.0953125 0.72734375 0.190625 0.3171875
5 0.28984375 0.953125 0.3703125 0.09375
5 0.37067169396674843 0.7707851515752356 0.4106213056243041 0.34105420158969046
5 0.7897523870867202 0.8997061038782291 0.17627669370982738 0.16784005664471238