5 0.52734375 0.60078125 0.1046875 0.0984375
5 0.3046875 0.609375 0.31875 0.08125
5 0.06875 0.6140625 0.1375 0.071875
5 0.07265625 0.53203125 0.1453125 0.1078125
5 0.07265625 0.42890625 0.1453125 0.1046875
5 0.3067475080932276 0.4227518201150433 0.32402382816063524 0.11396031821223893
5 0.525 0.40078125 0.109375 0.1234375
5 0.52265625 0.290625 0.1140625 0.103125
5 0.3053208425985748 0.3118461536131405 0.31932269262201596 0.11142556722365579
5 0.30475724033563856 0.2149711536131405 0.32248405405833436 0.11780290121604456
5 0.52421875 0.1953125 0.1109375 0.109375
5 0.52265625 0.0890625 0.1140625 0.109375
5 0.3041254603796051 0.10637740361314049 0.3107380329810955 0.11263789874458671
5 0.0703125 0.11796875 0.140625 0.1171875
5 0.06875 0.0359375 0.1375 0.071875
5 0.90546875 0.35546875 0.1890625 0.1328125
5 0.33211865017295067 0.8391779747539481 0.21717893052176757 0.14163037897292324
5 0.78984375 0.825 0.4203125 0.35