5 0.7046875 0.21953125 0.590625 0.4390625
5 0.2046875 0.71953125 0.409375 0.5609375
5 0.5171875 0.4859375 0.13125 0.09375
5 0.6347360953769126 0.6840984485996394 0.13883244926865146 0.12268461668522654
5 0.685883763803013 0.7967615332590944 0.15859552434972918 0.13619313335454458
5 0.7465973470017657 0.8983780299172764 0.1405040434244526 0.1289527980187719
5 0.74921875 0.45390625 0.1390625 0.0296875
5 0.8638565795486001 0.6244127239020045 0.12694610389503397 0.1576954160168629
5 0.9609375 0.58515625 0.078125 0.1421875
5 0.95546875 0.8328125 0.0890625 0.10625
5 0.6896026477298192 0.5389581239258671 0.13550289772652385 0.11092950401813546
5 0.9203125 0.95703125 0.159375 0.0859375
5 0.96796875 0.92734375 0.0640625 0.1265625
5 0.5045440349063314 0.7145137492839113 0.14888928774240978 0.16185620468649908
5 0.43984375 0.74296875 0.0609375 0.1265625
5 0.984375 0.68359375 0.03125 0.1171875
5 0.91640625 0.965625 0.1671875 0.06875