5 0.63125 0.103125 0.14375 0.146875
5 0.734375 0.45234375 0.165625 0.0734375
5 0.93984375 0.25859375 0.1203125 0.1390625
5 0.7782444645200104 0.36853693727466225 0.1437469999331224 0.1499821675894239
5 0.975 0.38828125 0.05 0.1453125
5 0.9063823109920748 0.3909324818812328 0.18222010080953321 0.15647124711017107
5 0.865625 0.4484375 0.15 0.08125
5 0.6563566180479461 0.3453370531545003 0.13058936836004148 0.13675528100144022
5 0.9109375 0.053125 0.165625 0.10625
5 0.7097031619576557 0.23689148826179104 0.2105507981803008 0.1555038173605313
5 0.7984375 0.0375 0.165625 0.075
5 0.7796875 0.74453125 0.440625 0.5109375