5 0.09140625 0.1734375 0.1828125 0.10625
5 0.06328125 0.26328125 0.1265625 0.1015625
5 0.065625 0.3234375 0.13125 0.13125
5 0.11171875 0.40546875 0.2234375 0.1171875
5 0.3414946077275968 0.3741116355686831 0.20849247550495614 0.11461500549298194
5 0.465625 0.359375 0.046875 0.09375
5 0.471875 0.19921875 0.034375 0.0953125
5 0.3921875 0.13828125 0.19375 0.0890625
5 0.14375 0.01796875 0.20625 0.0359375
5 0.0640625 0.09609375 0.128125 0.1109375
5 0.3552159312806006 0.2226206066948791 0.17505276962441804 0.12284535088581663
5 0.1976323038298622 0.23671716737593274 0.18690137256160194 0.09861450293344572
5 0.22193691166235277 0.3020562828711487 0.16929573530790992 0.10456652047629085
5 0.74453125 0.234375 0.5109375 0.46875
5 0.24453125 0.734375 0.4890625 0.53125
5 0.74453125 0.734375 0.5109375 0.53125