5 0.359375 0.47578125 0.159375 0.0890625
5 0.36015625 0.20625 0.1578125 0.1
5 0.084375 0.54140625 0.16875 0.0765625
5 0.38828125 0.12421875 0.1015625 0.0953125
5 0.3859375 0.059375 0.10625 0.11875
5 0.084375 0.18828125 0.16875 0.0828125
5 0.32240689948255435 0.38400088139535066 0.20485221754845676 0.08590362893134049
5 0.38828125 0.29609375 0.1015625 0.1046875
5 0.4171875 0.4125 0.04375 0.13125
5 0.11009278590215343 0.11104903300110855 0.17441726121424034 0.11724446406423077
5 0.26768569084793103 0.12272461751568997 0.18641894281956936 0.09246450956072394
5 0.24297287323372033 0.051771767423404925 0.16876691809068162 0.09907545496493206
5 0.32578125 0.5640625 0.1796875 0.03125
5 0.721123165338583 0.4436600763381334 0.3294510718862558 0.217762503082319
5 0.040625 0.74921875 0.08125 0.1390625