5 0.090625 0.02109375 0.159375 0.0421875
5 0.43515625 0.38359375 0.0484375 0.0703125
5 0.1637941587364514 0.3574611689127819 0.19846531934277217 0.09496848711732682
5 0.38359375 0.31953125 0.1515625 0.0734375
5 0.41953125 0.17578125 0.0796875 0.1203125
5 0.3381299927195885 0.2558644677325391 0.08701019867918128 0.10324716831188141
5 0.34765625 0.37734375 0.1546875 0.0828125
5 0.13125 0.39375 0.159375 0.05
5 0.03046875 0.38828125 0.0609375 0.0609375
5 0.81171875 0.3796875 0.2671875 0.078125
5 0.2296875 0.709375 0.459375 0.58125
5 0.7296875 0.709375 0.540625 0.58125